# ------------------------------------------------------------
#  .mesh — Static triangle mesh format (v1)
#
#  Date:     2026-01-06 11:45:13
#  Hip File: /Users/andyn/Documents/Docs/StealthGame/_assets/houdini/future_ideal/hip/map1_v036.hipnc
#  Node:     /obj/future_residential/1x1/compact_townhouse_row/sg_export_mesh2
#
# ------------------------------------------------------------

mesh tile_residential_building_A_mesh_1x1_0
version 1

vertices 364
v 4.5 0 7   0 0 1   2.12265635 1.59420693   0 0
v 4.1500001 0 7   -0 -0 1   2.19598126 1.59420693   0 0
v 4.1500001 2.4000001 7   -0 -0 1   2.19598126 1.09140623   0 0
v 4.1500001 2.4000001 -3.5   -0 1 -0   2.19975209 1.08738732   0 0
v 4.5 2.4000001 -3.5   -0 1 -0   2.19975209 1.01406252   0 0
v 4.5 2.4000001 7   -0 1 -0   4.48985117e-18 1.01406252   0 0
v 4.5 0 -3.5   1 -0 -0   2.19975209 0.507031262   0 0
v 4.5 0 7   1 -0 -0   0 0.507031262   0 0
v 4.5 2.4000001 7   1 -0 -0   0 1.00983179   0 0
v 4.1500001 0 7   -1 -0 -0   2.19975209 0   0 0
v 4.1500001 0 -3.5   -1 0 -0   0 0   0 0
v 4.1500001 2.4000001 -3.5   -1 -0 -0   0 0.502800524   0 0
v -4.1500001 0 7   0 0 1   2.04531264 1.59420693   0 0
v -4.5 0 7   -0 -0 1   2.11863756 1.59420693   0 0
v -4.5 2.4000001 7   -0 -0 1   2.11863756 1.09140623   0 0
v -4.5 2.4000001 3.5   -0 1 -0   1.96796882 1.82465708   0 0
v -4.1500001 2.4000001 3.5   -0 1 -0   2.04129386 1.82465708   0 0
v -4.1500001 2.4000001 7   -0 1 -0   2.04129386 1.09140623   0 0
v -4.1500001 0 3.5   1 -0 -0   0.733250678 1.47167969   0 0
v -4.1500001 0 7   1 -0 -0   0 1.47167969   0 0
v -4.1500001 2.4000001 7   1 -0 -0   0 1.97448027   0 0
v -4.5 0 7   -1 -0 -0   1.47016478 1.47167969   0 0
v -4.5 0 3.50000024   -1 -0 -0   0.736914158 1.47167969   0 0
v -4.5 2.4000001 3.5   -1 0 -0   0.736914098 1.97448027   0 0
v 0.349999994 0 7   0 0 1   0.942750931 1.09140623   0 0
v -4.1500001 0 7   0 0 1   0 1.09140623   0 0
v -4.1500001 1.79999995 7   -0 -0 1   0 1.46850657   0 0
v -4.1500001 0 6.6500001   0 -0 -1   1.88806343 1.09140623   0 0
v 0.349999994 0 6.6500001   -0 -0 -1   0.9453125 1.09140623   0 0
v 0.349999994 1.79999995 6.6500001   -0 0 -1   0.9453125 1.46850657   0 0
v -4.1500001 1.79999995 6.6500001   -0 1 -0   1.96395016 2.03415728   0 0
v 0.349999994 1.79999995 6.6500001   -0 1 -0   1.96395016 1.09140623   0 0
v 0.349999994 1.79999995 7   -0 1 -0   1.890625 1.09140623   0 0
v 0.349999994 0 6.6500001   1 -0 -0   1.85092854 1.54500484   0 0
v 0.349999994 0 7   1 -0 -0   1.85092854 1.47167969   0 0
v 0.349999994 1.79999995 7   1 -0 -0   1.4738282 1.47167969   0 0
v 0.349999994 1.79999995 6.6500001   1 0 0   1.4738282 1.54500484   0 0
v -4.1500001 1.79999995 7   0 1 0   1.890625 2.03415728   0 0
v -4.1500001 1.79999995 6.6500001   -0 -0 -1   1.88806343 1.46850657   0 0
v 0.349999994 1.79999995 7   -0 -0 1   0.942750931 1.46850657   0 0
v -4.5 2.4000001 7   -1 -0 0   1.47016478 1.97448027   0 0
v -4.1500001 2.4000001 3.5   1 0 0   0.733250678 1.97448027   0 0
v -4.5 2.4000001 7   0 1 0   1.96796882 1.09140623   0 0
v -4.1500001 2.4000001 7   -0 -0 1   2.04531264 1.09140623   0 0
v 4.1500001 2.4000001 7   -1 -0 0   2.19975209 0.502800524   0 0
v 4.5 2.4000001 -3.5   1 0 0   2.19975209 1.00983179   0 0
v 4.1500001 2.4000001 7   0 1 0   0 1.08738732   0 0
v 4.5 2.4000001 7   -0 -0 1   2.12265635 1.09140623   0 0
v 0 0 3.50000048   -5.29819069e-08 -0 1   0.131070778 0.845044076   0 0
v -4.5 0 3.50000024   -5.29819069e-08 -7.01231144e-08 1   0.00248872954 0.845044076   0 0
v -4.5 3.4000001 3.50000048   -0 -7.01231144e-08 1   0.00248872954 0.929406404   0 0
v -1.5 3.60000014 0.98928386   1.98682137e-08 1.75307786e-08 1   0.35780257 0.932637095   0 0
v -4.5 3.60000014 0.989283919   1.98682137e-08 3.50615572e-08 1   0.235407561 0.932637095   0 0
v -4.5 7 0.9892838   -0 3.50615572e-08 1   0.235407561 0.997927725   0 0
v 4.5 3.5999999 3.68658853   0 0 1   0.121136069 0.933363438   0 0
v 1.5 3.5999999 3.68658853   0 0 1   0.0671237111 0.933363438   0 0
v 1.5 7 3.68658853   -0 -0 1   0.0671237111 0.989580333   0 0
v -1.5 3.5999999 3.68658853   -0 -0 1   0.0131114423 0.933363438   0 0
v -1.5 7 3.68658853   -0 -0 1   0.0131114423 0.989580333   0 0
v 4.5 7 1.54782128   0 0 1   0.243513465 0.932823777   0 0
v 1.5 7 1.54782128   -0 -0 1   0.119410276 0.932823777   0 0
v 1.5 9.79999924 1.54782128   -0 -0 1   0.119410276 0.99834466   0 0
v -4.5 7 -4.29119396   0 -0 -1   0.23710303 0.933087766   0 0
v -1.5 7 -4.29119396   0 -0 -1   0.12270686 0.933087766   0 0
v -1.5 9.79999924 -4.29119396   -0 0 -1   0.12270686 0.989206076   0 0
v 1.5 7 -0.781039476   0 0 1   0.12593694 0.932654917   0 0
v -4.5 7 -0.781039476   -0 -0 1   0.00878648553 0.932654917   0 0
v -4.5 9.79999924 -0.781039476   -0 -0 1   0.00878648553 0.989908874   0 0
v -1.5 7 -4.29119396   0 -0 -1   0.118436158 0.933087766   0 0
v 4.5 7 -4.29119396   -0 -0 -1   0.0148539171 0.933087766   0 0
v 4.5 9.79999924 -4.29119396   -0 0 -1   0.0148539171 0.989206076   0 0
v -1.5 9.79999924 -4.29119396   -0 0 -1   0.118436158 0.989206076   0 0
v 1.5 9.79999924 -0.781039476   -0 -0 1   0.12593694 0.989908874   0 0
v -4.5 9.79999924 -4.29119396   -0 -0 -1   0.23710303 0.989206076   0 0
v 4.5 9.79999924 1.54782128   -0 -0 1   0.243513465 0.99834466   0 0
v 4.5 7 3.68658853   -0 -0 1   0.121136069 0.989580333   0 0
v -1.5 7 0.9892838   -0 1.75307786e-08 1   0.35780257 0.997927725   0 0
v 0 3.4000001 3.50000048   -0 -0 1   0.131070778 0.929406404   0 0
v -1.5 3.5999999 3.68658853   0 1 2.94638038e-08   0.80231446 1.90599883   0 0
v 1.5 3.5999999 3.68658853   -0 1 -0   1.49768555 1.90599883   0 0
v 1.5 3.5999999 4.99786186   0 1 0   1.49768555 2.18400002   0 0
v 4.96137953 3.5999999 3.68658876   0 1 0   2.29999995 1.90599906   0 0
v 4.96137953 3.5999999 4.99786186   0 1 0   2.29999995 2.18400002   0 0
v -1.5 3.5999999 4.99786186   0 1 0   0.80231446 2.18400002   0 0
v -4.96137953 3.5999999 4.99786186   0 1 0   0 2.18400002   0 0
v 4.5 3.5999999 3.68658853   0 1 0   2.19305658 1.90599883   0 0
v 4.5 3.5999999 1.54782128   0 1 0   2.19305658 1.45256245   0 0
v 4.5 3.5999999 -4.78136349   2.22400622e-08 1 9.5951691e-09   2.19305658 0.110722482   0 0
v -4.5 3.60000014 0.989283919   5.16751584e-07 1 4.13157402e-08   0.106943347 1.33414793   0 0
v -4.96137953 3.60000038 0.989284039   2.92815571e-07 1 8.83914311e-08   0 1.33414793   0 0
v -4.96137953 3.60000038 -4.78136349   -0 1 -2.22945346e-07   0 0.110722482   0 0
v 1.5 7 1.54782128   -0 1 -0   1.49768555 1.49856246   0 0
v 4.5 7 1.54782128   -0 1 -0   2.19305658 1.49856246   0 0
v 4.5 7 3.68658853   -0 1 -0   2.19305658 1.95199883   0 0
v 0 3.4000001 -5.5   0 -1 0   1.14999998 -0.0416344032   0 0
v 4.5 3.4000001 -5.5   0 -1 0   2.19305658 -0.0416344032   0 0
v 4.96137953 3.4000001 -5.85076714   0 -0.99999994 0   2.29999995 -0.115999997   0 0
v -4.5 3.4000001 -3.5   0 -1 0   0.106943347 0.382382274   0 0
v -4.5 3.4000001 -5.5   0 -1 0   0.106943347 -0.0416344032   0 0
v -4.96137953 3.4000001 -5.85076714   0 -1 0   0 -0.115999997   0 0
v 4.5 3.4000001 -3.5   -0 -1 -0   2.19305658 0.382382274   0 0
v 4.96137953 3.4000001 4.99786186   0 -1 -0   2.29999995 2.18400002   0 0
v 0 3.4000001 3.50000048   -0 -1 -0   1.14999998 1.86644089   0 0
v -4.5 3.4000001 3.50000048   -0 -1 -0   0.106943347 1.86644089   0 0
v -4.96137953 3.4000001 4.99786186   0 -1 0   0 2.18400002   0 0
v 4.5 3.4000001 -3.5   -0 -1 -0   2.19305658 0.392382264   0 0
v 0 3.4000001 -3.5   -0 -1 0   1.14999998 0.392382264   0 0
v 0 3.4000001 3.50000048   -0 -1 -0   1.14999998 1.87644088   0 0
v -4.96137953 3.5999999 3.68658853   0 1 8.83914169e-08   0 1.90599883   0 0
v 4.96137953 3.5999999 -5.85076714   0 1 0   2.29999995 -0.115999997   0 0
v 4.96137953 3.5999999 -4.78136349   0 1 0   2.29999995 0.110722482   0 0
v -4.96137953 3.5999999 -5.85076714   -0 1 -4.45890691e-07   0 -0.115999997   0 0
v 1.5 9.79999924 -0.781039476   0 1 0   1.49768555 0.994824588   0 0
v -4.5 9.79999924 -0.781039476   0 1 0   0.106943347 0.994824588   0 0
v -4.5 9.79999924 -4.29119396   -0 1 -0   0.106943347 0.250642478   0 0
v -4.5 7 3.68658853   0 1 0   0.106943347 1.95199883   0 0
v -4.5 7 -0.781039476   -0 1 -0   0.106943347 1.00482464   0 0
v 1.5 7 -0.781039476   -0 1 -0   1.49768555 1.00482464   0 0
v 1.5 7 3.68658853   0 1 0   1.49768555 1.95199883   0 0
v 4.5 9.79999924 1.54782128   -0 1 -0   2.19305658 1.48856246   0 0
v 1.5 9.79999924 1.54782128   0 1 0   1.49768555 1.48856246   0 0
v 4.5 9.79999924 -4.29119396   -0 1 -0   2.19305658 0.250642478   0 0
v -4.5 3.60000038 -4.78136349   3.53212677e-08 1 -2.98727429e-07   0.106943347 0.110722482   0 0
v -1.5 3.60000014 0.98928386   6.88796504e-08 1 8.83914169e-08   0.80231446 1.33414793   0 0
v 4.96137953 3.4000001 4.99786186   0 -1 -0   2.29999995 2.19400001   0 0
v 3.08249903 4.68615437 4.89062548   -0 -0 1   -3.00000048 0.99899894   0 0
v 4.41750002 4.68615437 4.89062548   -0 -0 1   -2 0.99899894   0 0
v 4.41750002 3.72068357 4.89062548   0 0 1   -2 0   0 0
v 4.51999998 3.72068357 4.80550337   1 -0 -0   -2.00000024 0   0 0
v 4.51999998 4.68615437 4.80550337   1 -0 -0   -2.00000024 0.99899894   0 0
v 4.51999998 4.68615437 3.75171065   1 0 0   -1 0.99899894   0 0
v 2.99850726 8.08615494 3.57631135   -0 -0 0.99999994   9 0.99899894   0 0
v 4.29713154 8.08615494 3.57631135   -0 -0 1   10 0.99899894   0 0
v 4.29713154 7.12068367 3.57631135   0 0 1   10 0   0 0
v 4.39738369 8.08615494 2.49683285   1 -0 -0   10.5 0.99899894   0 0
v 4.39738369 8.08615494 1.60305488   1 0 0   11 0.99899894   0 0
v 4.39738369 7.12068367 1.60305488   1 -0 -0   11 0   0 0
v -4.39738369 7.12068367 -4.67434406   -1 0 -0   -13 0   0 0
v -4.39738369 8.08615494 -4.67434406   -1 -0 -0   -13 0.99899894   0 0
v -4.39738369 8.08615494 -4.31349373   -1 -0 0   -12 0.99899894   0 0
v 4.39738369 7.12068367 -4.67434406   1 -0 -0   -19 0   0 0
v 4.39738369 7.12068367 -4.31349373   1 -0 -0   -20 0   0 0
v 4.39738369 8.08615494 -4.31349373   1 -0 -0   -20 0.99899894   0 0
v 4.39738369 7.12068367 3.50107789   1 -0 -0   10 0   0 0
v 4.39738369 8.08615494 3.50107789   1 -0 -0   10 0.99899894   0 0
v 4.39738369 8.08615494 2.6072998   1 0 0   10.5 0.99899894   0 0
v -4.29713154 7.12068367 3.57631135   -0 -0 1   4 0   0 0
v -4.29713154 8.08615494 3.57631135   -0 -0 1   4 0.99899894   0 0
v -2.99850821 8.08615494 3.57631135   -0 -0 1   5 0.99899894   0 0
v -2.83800411 8.08615494 3.57631135   -0 -0 0.99999994   5 0.99899894   0 0
v -1.53937972 8.08615494 3.57631135   -0 0 1   6 0.99899894   0 0
v -1.53938043 7.12068367 3.57631135   0 -0 1   5.99999952 0   0 0
v -1.37887561 8.08615494 3.57631135   -0 -0 1   6 0.99899894   0 0
v -0.0802520514 8.08615494 3.57631135   -0 -0 1   7 0.99899894   0 0
v -0.0802520514 7.12068367 3.57631135   0 0 1   7 0   0 0
v 0.0802520514 8.08615494 3.57631135   -0 -0 1   7 0.99899894   0 0
v 1.37887633 8.08615494 3.57631135   -0 -0 1   8 0.99899894   0 0
v 1.37887645 7.12068367 3.57631135   0 0 1   8 0   0 0
v 1.53938043 8.08615494 3.57631135   -0 -0 1   8 0.99899894   0 0
v 2.83800316 8.08615494 3.57631135   -0 -0 1   9 0.99899894   0 0
v 2.83800316 7.12068367 3.57631135   0 0 1   9 0   0 0
v -4.4175005 3.72068357 4.89062548   -0 -0 1   -8 0   0 0
v -4.4175005 4.68615437 4.89062548   -0 -0 1   -8 0.99899894   0 0
v -3.08250046 4.68615437 4.89062548   -0 -0 1   -7 0.99899894   0 0
v -2.91750026 4.68615437 4.89062548   -0 -0 1   -7 0.99899894   0 0
v -1.5824995 4.68615437 4.89062548   -0 0 1   -6 0.99899894   0 0
v -1.58250082 3.72068357 4.89062548   0 -0 1   -6.00000048 0   0 0
v -1.41749954 4.68615437 4.89062548   -0 -0 0.99999994   -6 0.99899894   0 0
v -0.0825000405 4.68615437 4.89062548   -0 -0 1   -5 0.99899894   0 0
v -0.0825000405 3.72068357 4.89062548   0 0 1   -5 0   0 0
v 0.0825000405 4.68615437 4.89062548   -0 -0 1   -5 0.99899894   0 0
v 1.41750097 4.68615437 4.89062548   -0 0 1   -3.99999952 0.99899894   0 0
v 1.41750073 3.72068357 4.89062548   0 -0 0.99999994   -3.99999952 0   0 0
v 1.58250082 4.68615437 4.89062548   -0 -0 0.99999994   -3.99999952 0.99899894   0 0
v 2.91749907 4.68615437 4.89062548   -0 -0 0.99999994   -3.00000048 0.99899894   0 0
v 2.9174993 3.72068357 4.89062548   0 0 1   -3.00000048 0   0 0
v -4.39738369 7.12068367 0.585226059   -0.99999994 -0 -0   2 0   0 0
v -4.39738369 7.12068367 -0.701521337   -1 0 -0   1 0   0 0
v -4.39738369 8.08615494 -0.701521337   -1 -0 -0   1 0.99899894   0 0
v -4.39738369 8.08615494 2.19004631   -1 -0 -0   3.00000024 0.99899894   0 0
v -4.39738369 8.08615494 3.47679329   -1 -0 0   4 0.99899894   0 0
v -4.39738369 7.12068367 3.47679329   -1 -0 -0   4 0   0 0
v -4.39738369 7.12068367 2.03100967   -0.99999994 -0 -0   3 0   0 0
v -4.39738369 7.12068367 0.744262278   -1 -0 -0   2 0   0 0
v -4.39738369 8.08615494 0.74426192   -0.99999994 0 -0   1.99999976 0.99899894   0 0
v -1.37887585 7.12068367 -4.71664333   0 -0 -1   -15.0081787 0   0 0
v -0.0802520514 7.12068367 -4.71664333   -0 -0 -1   -16.006134 0   0 0
v -0.0802520514 8.08615494 -4.71664333   -0 0 -1   -16.006134 0.99899894   0 0
v -2.99850726 8.08615494 -4.71664333   -0 0 -1   -14.0102234 0.99899894   0 0
v -4.29713154 8.08615494 -4.71664333   -0 -0 -1   -13.0122681 0.99899894   0 0
v -4.29713154 7.12068367 -4.71664333   0 -0 -1   -13.0122681 0   0 0
v -2.83800364 7.12068367 -4.71664333   0 -0 -1   -14.0102234 0   0 0
v -1.53937995 7.12068367 -4.71664333   -0 0 -1   -15.0081787 0   0 0
v -1.53938043 8.08615494 -4.71664333   -0 -0 -1   -15.0081787 0.99899894   0 0
v 2.99850774 7.12068367 -4.71664333   0 -0 -1   -18.0020447 0   0 0
v 4.29713154 7.12068367 -4.71664333   -0 -0 -1   -19 0   0 0
v 4.29713154 8.08615494 -4.71664333   -0 0 -1   -19 0.99899894   0 0
v 1.37887645 8.08615494 -4.71664333   -0 0 -1   -17.0040894 0.99899894   0 0
v 0.0802520514 8.08615494 -4.71664333   -0 -0 -1   -16.006134 0.99899894   0 0
v 0.0802520514 7.12068367 -4.71664333   0 -0 -1   -16.006134 0   0 0
v 1.53937995 7.12068367 -4.71664333   0 -0 -1   -17.0040894 0   0 0
v 2.83800364 7.12068367 -4.71664333   -0 0 -1   -18.0020447 0   0 0
v 2.83800316 8.08615494 -4.71664333   -0 -0 -1   -18.0020447 0.99899894   0 0
v -4.51999998 3.72068381 2.21190643   -1 -0 -0   -10 3.44716522e-09   0 0
v -4.51999998 3.72068381 1.06044185   -1 0 -0   -11 5.17074783e-09   0 0
v -4.51999998 4.68615437 1.06044197   -1 -0 -0   -11 0.99899894   0 0
v -4.51999998 4.68615437 3.64800334   -0.99999994 -0 -0   -9 0.99899894   0 0
v -4.51999998 4.68615437 4.79946756   -1 -0 0   -8 0.99899894   0 0
v -4.51999998 3.72068357 4.79946756   -1 -0 -0   -8 0   0 0
v -4.51999998 3.72068357 3.505687   -1 -0 -0   -9 1.72358261e-09   0 0
v -4.51999998 3.72068381 2.3542223   -0.99999994 0 -0   -10 3.44716522e-09   0 0
v -4.51999998 4.68615437 2.3542223   -1 -0 -0   -10 0.99899894   0 0
v -4.51999998 4.68615437 3.50568724   -1 -0 0   -9 0.99899894   0 0
v -4.51999998 3.72068357 3.6480031   -1 0 -0   -9 1.72358261e-09   0 0
v -4.51999998 4.68615437 2.21190643   -1 -0 0   -10 0.99899894   0 0
v 1.53938055 8.08615494 -4.71664333   -0 -0 -1   -17.0040894 0.99899894   0 0
v 1.37887585 7.12068367 -4.71664333   -0 -0 -1   -17.0040894 0   0 0
v 2.99850702 8.08615494 -4.71664333   -0 -0 -1   -18.0020447 0.99899894   0 0
v -2.83800316 8.08615494 -4.71664333   -0 -0 -1   -14.0102234 0.99899894   0 0
v -2.99850774 7.12068367 -4.71664333   -0 -0 -1   -14.0102234 0   0 0
v -1.37887633 8.08615494 -4.71664333   -0 -0 -1   -15.0081787 0.99899894   0 0
v -4.39738369 8.08615494 2.03100991   -1 -0 0   3.00000024 0.99899894   0 0
v -4.39738369 7.12068367 2.19004583   -1 0 -0   3 0   0 0
v -4.39738369 8.08615494 0.585225701   -1 -0 0   1.99999976 0.99899894   0 0
v 1.58250058 3.72068357 4.89062548   -0 -0 1   -3.99999952 0   0 0
v 0.0825000405 3.72068357 4.89062548   -0 -0 1   -5 0   0 0
v -1.41750097 3.72068357 4.89062548   -0 -0 1   -6.00000048 0   0 0
v -2.91749907 3.72068357 4.89062548   -0 -0 1   -6.99999952 0   0 0
v -3.08249927 3.72068357 4.89062548   0 0 1   -6.99999952 0   0 0
v 1.53938055 7.12068367 3.57631135   -0 -0 1   8 0   0 0
v 0.0802520514 7.12068367 3.57631135   -0 -0 1   7 0   0 0
v -1.37887633 7.12068367 3.57631135   -0 -0 1   5.99999952 0   0 0
v -2.83800316 7.12068367 3.57631135   -0 -0 1   5.00000048 0   0 0
v -2.99850726 7.12068367 3.57631135   0 0 0.99999994   5.00000048 0   0 0
v 4.39738369 7.12068367 2.6072998   1 -0 -0   10.5 0   0 0
v 4.39738369 8.08615494 -4.67434406   1 0 0   -19 0.99899894   0 0
v -4.39738369 7.12068367 -4.31349373   -1 -0 -0   -12 0   0 0
v 4.39738369 7.12068367 2.49683285   1 -0 -0   10.5 0   0 0
v 2.99850702 7.12068367 3.57631135   -0 -0 1   9 0   0 0
v 4.51999998 3.72068357 3.75171065   1 -0 -0   -1 0   0 0
v 3.08249927 3.72068357 4.89062548   -0 -0 0.99999994   -3.00000048 0   0 0
v -4.5 3.5999999 4.8706255   -1 -0 -0   -8 0   0 0
v -4.5 3.60000014 0.989283919   -1 0 -0   -11 5.17074783e-09   0 0
v -4.5 4.80683851 0.989284039   -1 -0 -0   -11 0.99899894   0 0
v -4.5 3.5999999 4.8706255   -0 -0 1   -8 0   0 0
v -4.5 4.80683851 4.8706255   -0 -0 1   -8 0.99899894   0 0
v 4.5 4.80683851 4.8706255   -0 -0 1   -2 0.99899894   0 0
v 4.5 3.5999999 4.8706255   1 -0 -0   -2.00000024 0   0 0
v 4.5 4.80683851 4.8706255   1 -0 -0   -2.00000024 0.99899894   0 0
v 4.5 4.80683851 3.68658853   1 0 0   -1 0.99899894   0 0
v -4.37738371 7 3.55631137   -1 -0 -0   4 0   0 0
v -4.37738371 7 -0.781039476   -1 0 -0   1 0   0 0
v -4.37738371 8.20683861 -0.781039476   -1 -0 -0   1 0.99899894   0 0
v -4.37738371 7 3.55631137   -0 -0 1   4 0   0 0
v -4.37738371 8.20683861 3.55631137   -0 -0 1   4 0.99899894   0 0
v 4.37738371 8.20683861 3.55631137   -0 -0 1   10 0.99899894   0 0
v 4.37738371 7 3.55631137   1 -0 -0   10 0   0 0
v 4.37738371 8.20683861 3.55631137   1 -0 -0   10 0.99899894   0 0
v 4.37738371 8.20683861 1.54782128   1 0 0   11 0.99899894   0 0
v -4.37738371 7 -4.69664335   -1 0 -0   -13 0   0 0
v -4.37738371 8.20683861 -4.69664335   -1 -0 -0   -13 0.99899894   0 0
v -4.37738371 8.20683861 -4.29119396   -1 -0 0   -12 0.99899894   0 0
v -4.37738371 7 -4.69664335   0 -0 -1   -13.0122681 0   0 0
v 4.37738371 7 -4.69664335   -0 -0 -1   -19 0   0 0
v 4.37738371 8.20683861 -4.69664335   -0 0 -1   -19 0.99899894   0 0
v 4.37738371 7 -4.69664335   1 -0 -0   -19 0   0 0
v 4.37738371 7 -4.29119396   1 -0 -0   -20 0   0 0
v 4.37738371 8.20683861 -4.29119396   1 -0 -0   -20 0.99899894   0 0
v 4.37738371 8.20683861 -4.69664335   1 0 0   -19 0.99899894   0 0
v -4.37738371 8.20683861 -4.69664335   -0 -0 -1   -13.0122681 0.99899894   0 0
v -4.37738371 7 -4.29119396   -1 -0 -0   -12 0   0 0
v 4.37738371 7 1.54782128   1 -0 -0   11 0   0 0
v 4.37738371 7 3.55631137   0 0 1   10 0   0 0
v -4.37738371 8.20683861 3.55631137   -1 -0 0   4 0.99899894   0 0
v 4.5 3.5999999 3.68658853   1 -0 -0   -1 0   0 0
v 4.5 3.5999999 4.8706255   0 0 1   -2 0   0 0
v -4.5 4.80683851 4.8706255   -1 -0 0   -8 0.99899894   0 0
v -4.96137953 3.60000038 0.989284039   -1.80394402e-08 0.419068068 -0.907954812   1.78089023 2.54615521   0 0
v -4.5 3.60000014 0.989283919   -1.80394402e-08 0.419068068 -0.907954872   1.71698713 2.54615521   0 0
v -1.5 3.60000014 0.98928386   -1.80394402e-08 0.419068068 -0.907954752   1.30147481 2.54615521   0 0
v -1.5 7 -4.78136349   -0 1 -0   0.415512443 2.69714832   0 0
v -1.5 7 -4.29119396   0 1 0   0.415512443 2.62925768   0 0
v -4.5 7 -4.29119396   0 1 0   0 2.62925768   0 0
v 4.5 0 -3.5   0 0 1   0.623268664 2.02030325   0 0
v 0 0 -3.5   -0 -0 1   0 2.02030325   0 0
v 0 3.4000001 -3.5   -0 -0 1   0 2.49121761   0 0
v 4.5 0 -5.5   1 -0 -0   2.44214821 2.10340595   0 0
v 4.5 0 -3.5   1 -0 -0   2.16513991 2.10340595   0 0
v 4.5 3.4000001 -3.5   1 -0 -0   2.16513991 2.57432032   0 0
v 0 3.4000001 -3.5   1 0 0   2.27100372 2.04846883   0 0
v 0 0 -3.5   1 -0 -0   2.27100372 1.5775547   0 0
v 0 0 3.50000048   1 -0 -0   1.30147481 1.5775547   0 0
v 4.96137953 3.4000001 4.99786186   0 0 1   2.6758182 2.62925768   0 0
v -4.96137953 3.4000001 4.99786186   -0 -0 1   1.30147481 2.62925768   0 0
v -4.96137953 3.5999999 4.99786186   -0 -0 1   1.30147481 2.65695858   0 0
v -4.96137953 3.4000001 -5.85076714   0 -0 -1   1.37434328 2.91736174   0 0
v 4.96137953 3.4000001 -5.85076714   -0 -0 -1   0 2.91736174   0 0
v 4.96137953 3.5999999 -5.85076714   -0 0 -1   0 2.94506288   0 0
v 4.96137953 3.4000001 -5.85076714   1 -0 -0   1.50258017 2.83472371   0 0
v 4.96137953 3.4000001 4.99786186   1 -0 -0   0 2.83472371   0 0
v 4.96137953 3.5999999 4.99786186   1 -0 -0   0 2.86242461   0 0
v -4.96137953 3.4000001 4.99786186   -1 -0 -0   1.50258017 2.75208569   0 0
v -4.96137953 3.4000001 -5.85076714   -1 0 -0   0 2.75208569   0 0
v -4.96137953 3.5999999 -5.85076714   -1 -0 -0   0 2.77978659   0 0
v -4.5 3.60000014 0.989283919   -1 0 -0   0.79925859 1.494452   0 0
v -4.5 3.60000038 -4.78136349   -1 0 -0   0 1.494452   0 0
v -4.5 7 -4.78136349   -1 -0 -0   0 1.96536589   0 0
v -1.5 3.60000014 0.98928386   -1 -0 -0   1.84258294 3.30219621e-08   0 0
v -1.5 7 0.9892838   -1 0 -0   1.84258294 0.470914096   0 0
v -1.5 7 3.68658853   -1 -0 0   2.21617079 0.470914096   0 0
v -4.5 7 -0.781039476   -1 -0 -0   1.78764558 0   0 0
v -4.5 7 -4.29119396   -1 0 -0   1.30147481 0   0 0
v -4.5 9.79999924 -4.29119396   -1 -0 -0   1.30147481 0.387811482   0 0
v 1.5 7 -0.781039476   -1 0 -0   2.27110839 0   0 0
v 1.5 9.79999924 -0.781039476   -1 -0 -0   2.27110839 0.387811482   0 0
v 1.5 9.79999924 1.54782128   -1 -0 0   2.59366536 0.387811482   0 0
v -1.5 6.80000019 0.9892838   -0 -1 -0   1.09371853 2.02030325   0 0
v -4.5 6.80000019 0.9892838   -0 -1 0   0.678206086 2.02030325   0 0
v -4.5 6.80000019 3.68658853   -0 -1 -0   0.678206086 2.39389133   0 0
v -1.5 7 3.68658853   -0 -0 1   2.74145365 1.60525537   0 0
v -1.5 6.80000019 3.68658853   0 0 1   2.74145365 1.5775547   0 0
v -4.5 6.80000019 3.68658853   -0 -0 1   2.32594109 1.5775547   0 0
v -4.5 7 3.68658853   -1 -0 0   1.22778392 1.52215266   0 0
v -4.5 6.80000019 3.68658853   -1 -0 -0   1.22778392 1.494452   0 0
v -4.5 6.80000019 0.9892838   -1 0 -0   0.854195952 1.494452   0 0
v -4.5 0 -5.5   0 -0 -1   1.24653733 0   0 0
v 4.5 0 -5.5   -0 -0 -1   0 0   0 0
v 4.5 3.4000001 -5.5   -0 0 -1   0 0.470914096   0 0
v 4.5 7 -4.78136349   -0 0 -1   0 0.996765614   0 0
v -1.5 7 -4.78136349   -0 -0 -1   0.831024885 0.996765614   0 0
v -4.5 7 -4.78136349   -0 -0 -1   1.24653733 0.996765614   0 0
v 4.5 7 -4.29119396   1 -0 -0   2.11020255 2.10340619   0 0
v 4.5 7 1.54782128   1 -0 -0   1.30147481 2.10340619   0 0
v 4.5 9.79999924 1.54782128   1 -0 -0   1.30147481 2.49121761   0 0
v 4.5 7 3.68658853   1 -0 -0   1.30147481 1.5226171   0 0
v 4.5 7 1.54782128   1 -0 -0   1.59770286 1.5226171   0 0
v 4.5 7 -4.78136349   1 0 0   2.47432137 1.5226171   0 0
v -4.5 0 -5.5   -1 0 -0   1.30147481 0.525851488   0 0
v -4.5 3.4000001 -5.5   -1 -0 -0   1.30147481 0.996765614   0 0
v -4.5 3.4000001 3.50000048   -1 -0 0   2.54801202 0.996765614   0 0
v 4.5 7 -4.78136349   -0 1 -0   1.24653733 2.69714832   0 0
v 4.5 7 -4.29119396   -0 1 -0   1.24653733 2.62925768   0 0
v -4.5 0 3.50000024   -1 -0 -0   2.54801202 0.525851488   0 0
v 4.5 3.5999999 -4.78136349   1 -0 -0   2.47432137 1.05170298   0 0
v 4.5 3.5999999 3.68658853   1 -0 -0   1.30147481 1.05170298   0 0
v 4.5 9.79999924 -4.29119396   1 0 0   2.11020255 2.49121761   0 0
v -4.5 3.60000038 -4.78136349   -0 -0 -1   1.24653733 0.525851607   0 0
v 4.5 3.5999999 -4.78136349   0 -0 -1   0 0.525851488   0 0
v -4.5 3.4000001 -5.5   -0 -0 -1   1.24653733 0.470914096   0 0
v -4.5 7 0.9892838   -1 -0 0   0.854195952 1.52215266   0 0
v -4.5 7 3.68658853   -0 -0 1   2.32594109 1.60525537   0 0
v -1.5 6.80000019 3.68658853   0 -1 -0   1.09371853 2.39389133   0 0
v 1.5 7 1.54782128   -1 -0 -0   2.59366536 0   0 0
v -4.5 9.79999924 -0.781039476   -1 -0 0   1.78764558 0.387811482   0 0
v -1.5 3.5999999 3.68658853   -1 -0 -0   2.21617079 0   0 0
v -4.5 7 0.9892838   -1 -0 0   0.799258471 1.96536589   0 0
v -4.96137953 3.5999999 4.99786186   -1 -0 0   1.50258017 2.77978659   0 0
v 4.96137953 3.5999999 -5.85076714   1 0 0   1.50258017 2.86242461   0 0
v -4.96137953 3.5999999 -5.85076714   -0 -0 -1   1.37434328 2.94506288   0 0
v 4.96137953 3.5999999 4.99786186   -0 -0 1   2.6758182 2.65695858   0 0
v 0 3.4000001 3.50000048   1 -0 -0   1.30147481 2.04846883   0 0
v 4.5 3.4000001 -5.5   1 0 0   2.44214821 2.57432032   0 0
v 4.5 3.4000001 -3.5   -0 -0 1   0.623268664 2.49121761   0 0
v -4.5 7 -4.78136349   -0 1 -0   0 2.69714832   0 0

triangles 200
t 0 1 2
t 3 4 5
t 6 7 8
t 9 10 11
t 12 13 14
t 15 16 17
t 18 19 20
t 21 22 23
t 24 25 26
t 27 28 29
t 30 31 32
t 33 34 35
t 35 36 33
t 32 37 30
t 29 38 27
t 26 39 24
t 23 40 21
t 20 41 18
t 17 42 15
t 14 43 12
t 11 44 9
t 8 45 6
t 5 46 3
t 2 47 0
t 48 49 50
t 51 52 53
t 54 55 56
t 55 57 58
t 59 60 61
t 62 63 64
t 65 66 67
t 68 69 70
t 70 71 68
t 67 72 65
t 64 73 62
t 61 74 59
t 58 56 55
t 56 75 54
t 53 76 51
t 50 77 48
t 78 79 80
t 81 82 80
t 78 83 84
t 81 85 86
t 81 86 87
t 88 89 90
t 91 92 93
t 94 95 96
t 97 98 99
t 95 100 101
t 102 103 104
t 105 106 107
t 104 103 97
t 99 98 94
t 78 108 89
t 79 85 81
t 109 110 87
t 111 109 87
t 112 113 114
t 115 116 117
t 91 118 117
t 118 115 117
t 112 119 120
t 112 121 119
t 112 114 121
t 122 90 87
t 90 111 87
t 81 80 79
t 89 123 78
t 94 96 99
t 97 99 104
t 107 124 105
t 104 101 102
t 101 96 95
t 93 118 91
t 90 122 88
t 87 110 81
t 84 108 78
t 80 83 78
t 125 126 127
t 128 129 130
t 131 132 133
t 134 135 136
t 137 138 139
t 140 141 142
t 143 144 145
t 146 147 148
t 149 150 151
t 152 153 154
t 155 156 157
t 158 159 160
t 161 162 163
t 164 165 166
t 167 168 169
t 170 171 172
t 173 174 175
t 176 177 178
t 179 180 181
t 182 183 184
t 185 186 187
t 188 189 190
t 191 192 193
t 194 195 196
t 197 198 199
t 200 201 202
t 203 204 205
t 206 207 208
t 209 210 211
t 211 212 209
t 208 213 206
t 205 214 203
t 202 215 200
t 199 216 197
t 196 217 194
t 193 218 191
t 190 219 188
t 187 220 185
t 184 221 182
t 181 222 179
t 178 223 176
t 175 224 173
t 172 225 170
t 169 226 167
t 166 227 164
t 163 228 161
t 160 229 158
t 157 230 155
t 154 231 152
t 151 232 149
t 148 233 146
t 145 234 143
t 142 235 140
t 139 236 137
t 136 237 134
t 133 238 131
t 130 239 128
t 127 240 125
t 241 242 243
t 244 245 246
t 247 248 249
t 250 251 252
t 253 254 255
t 256 257 258
t 259 260 261
t 262 263 264
t 265 266 267
t 267 268 265
t 264 269 262
t 261 270 259
t 258 271 256
t 255 272 253
t 252 273 250
t 249 274 247
t 246 275 244
t 243 276 241
t 277 278 279
t 280 281 282
t 283 284 285
t 286 287 288
t 289 290 291
t 292 293 294
t 295 296 297
t 298 299 300
t 301 302 303
t 304 305 306
t 307 308 309
t 310 311 312
t 313 314 315
t 316 317 318
t 319 320 321
t 322 323 324
t 325 326 327
t 328 329 330
t 331 332 333
t 334 335 336
t 337 338 339
t 280 340 341
t 341 281 280
t 339 342 337
t 343 344 336
t 344 334 336
t 333 345 331
t 346 347 330
t 347 328 330
t 327 348 325
t 324 349 322
t 321 350 319
t 318 351 316
t 315 352 313
t 312 353 310
t 309 354 307
t 306 355 304
t 303 356 301
t 300 357 298
t 297 358 295
t 294 359 292
t 291 360 289
t 288 361 286
t 285 362 283
t 282 363 280

material_library future_residential

material_assignment 6
m brick_wall tris 0 23
m city_atlas tris 24 39
m floor_tiles tris 40 78
m glass tris 79 136
m railings tris 137 154
m white_wall tris 155 199
